<!DOCTYPE html>
<html>
<head>
    <meta charset="UTF-8">
    <title>Gráfico Salvo</title>
    <script src="https://cdnjs.cloudflare.com/ajax/libs/plotly.js/2.20.0/plotly.min.js"></script>
</head>
<body>
    <div id="grafico" style="width: 100%; height: 600px;"></div>
    <script>
        var data = [{"type":"surface","x":[-5,-4.8,-4.6,-4.3999999999999995,-4.199999999999999,-3.999999999999999,-3.799999999999999,-3.5999999999999988,-3.3999999999999986,-3.1999999999999984,-2.9999999999999982,-2.799999999999998,-2.599999999999998,-2.3999999999999977,-2.1999999999999975,-1.9999999999999976,-1.7999999999999976,-1.5999999999999976,-1.3999999999999977,-1.1999999999999977,-0.9999999999999978,-0.7999999999999978,-0.5999999999999979,-0.39999999999999786,-0.19999999999999785,2.1649348980190553e-15,0.20000000000000218,0.4000000000000022,0.6000000000000022,0.8000000000000023,1.0000000000000022,1.2000000000000022,1.4000000000000021,1.600000000000002,1.800000000000002,2.000000000000002,2.2000000000000024,2.4000000000000026,2.6000000000000028,2.800000000000003,3.000000000000003,3.2000000000000033,3.4000000000000035,3.6000000000000036,3.800000000000004,4.0000000000000036,4.200000000000004,4.400000000000004,4.600000000000004,4.800000000000004],"y":[-5,-4.8,-4.6,-4.3999999999999995,-4.199999999999999,-3.999999999999999,-3.799999999999999,-3.5999999999999988,-3.3999999999999986,-3.1999999999999984,-2.9999999999999982,-2.799999999999998,-2.599999999999998,-2.3999999999999977,-2.1999999999999975,-1.9999999999999976,-1.7999999999999976,-1.5999999999999976,-1.3999999999999977,-1.1999999999999977,-0.9999999999999978,-0.7999999999999978,-0.5999999999999979,-0.39999999999999786,-0.19999999999999785,2.1649348980190553e-15,0.20000000000000218,0.4000000000000022,0.6000000000000022,0.8000000000000023,1.0000000000000022,1.2000000000000022,1.4000000000000021,1.600000000000002,1.800000000000002,2.000000000000002,2.2000000000000024,2.4000000000000026,2.6000000000000028,2.800000000000003,3.000000000000003,3.2000000000000033,3.4000000000000035,3.6000000000000036,3.800000000000004,4.0000000000000036,4.200000000000004,4.400000000000004,4.600000000000004,4.800000000000004],"z":[[0.7088612918380416,0.6035165443936802,0.488988507835539,0.36826763769805076,0.24424960039620494,0.11965157649377203,-0.003057915170852872,-0.12171404738911866,-0.23449468226258974,-0.3399431767963181,-0.4369755172720792,-0.5248729086910364,-0.6032614510309352,-0.6720809210959877,-0.7315449360522904,-0.782094898825462,-0.8243501208953687,-0.8590563969566165,-0.8870350877864698,-0.9091344776071362,-0.9261848392897116,-0.9389582954963956,-0.9481342356375322,-0.9542707625277442,-0.9577824171871584,-0.9589242746631385,-0.9577824171871584,-0.9542707625277442,-0.9481342356375319,-0.9389582954963953,-0.9261848392897113,-0.9091344776071358,-0.887035087786469,-0.8590563969566161,-0.8243501208953677,-0.7820948988254608,-0.7315449360522892,-0.6720809210959864,-0.6032614510309338,-0.524872908691035,-0.43697551727207595,-0.33994317679631475,-0.23449468226258627,-0.12171404738911602,-0.0030579151708502077,0.11965157649377468,0.24424960039620752,0.3682676376980532,0.4889885078355421,0.6035165443936824],[0.6035165443936802,0.4838422650685,0.3570639538522207,0.2263637791284797,0.09475978972087801,-0.034978429894600045,-0.16039829679513126,-0.27941549819892675,-0.3903473464562977,-0.49192836738860896,-0.5833090006329241,-0.6640389301145315,-0.7340370835313272,-0.7935507222633862,-0.8431062758888044,-0.8834546557201536,-0.9155137158199527,-0.9403103331620121,-0.9589242746631387,-0.9724356383994096,-0.9818772350691545,-0.9881928514618681,-0.9922019469034385,-0.9945710079687128,-0.9957915491403939,-0.9961646088358407,-0.9957915491403939,-0.9945710079687127,-0.9922019469034384,-0.988192851461868,-0.9818772350691543,-0.9724356383994094,-0.9589242746631385,-0.9403103331620117,-0.9155137158199519,-0.8834546557201531,-0.8431062758888029,-0.7935507222633852,-0.7340370835313261,-0.6640389301145295,-0.583309000632922,-0.49192836738860585,-0.39034734645629526,-0.2794154981989233,-0.16039829679512865,-0.03497842989459649,0.09475978972088155,0.22636377912848227,0.35706395385222395,0.4838422650685023],[0.488988507835539,0.3570639538522207,0.2203732191524647,0.08225384369453201,-0.05419414301888656,-0.1861921054255164,-0.3113485152708458,-0.42770523442638814,-0.5337640026408672,-0.628493624941207,-0.7113191368670082,-0.782094898825462,-0.8410641051408099,-0.8888075679873233,-0.926184839289712,-0.9542707625277445,-0.9742904091484293,-0.9875550692934716,-0.9954015619822106,-0.9991366425568715,-0.999987758366155,-0.9990608839136942,-0.9973056998066652,-0.9954880059673217,-0.9941690082722228,-0.9936910036334644,-0.9941690082722228,-0.9954880059673217,-0.9973056998066653,-0.9990608839136943,-0.999987758366155,-0.9991366425568715,-0.9954015619822105,-0.9875550692934713,-0.9742904091484289,-0.9542707625277439,-0.9261848392897113,-0.8888075679873225,-0.841064105140809,-0.7820948988254603,-0.7113191368670063,-0.628493624941205,-0.5337640026408642,-0.42770523442638575,-0.3113485152708433,-0.18619210542551376,-0.054194143018883006,0.08225384369453466,0.22037321915246816,0.35706395385222395],[0.36826763769805076,0.2263637791284797,0.08225384369453201,-0.06060846488456464,-0.1990836625189237,-0.33042875332457794,-0.4523589021170905,-0.5630874867822571,-0.6613444848315208,-0.7463740768990493,-0.817913186286931,-0.8761533806105298,-0.9216891084605575,-0.9554556082835194,-0.9786599954111929,-0.992709003990624,-0.9991366425568715,-0.9995346360668129,-0.9954880059673217,-0.9885175266126344,-0.9800301430388982,-0.971277798960653,-0.9633245624509224,-0.9570215018759334,-0.9529884954070152,-0.9516020738895158,-0.9529884954070152,-0.9570215018759337,-0.9633245624509227,-0.9712777989606532,-0.9800301430388983,-0.9885175266126347,-0.9954880059673218,-0.9995346360668129,-0.9991366425568715,-0.9927090039906238,-0.9786599954111925,-0.9554556082835186,-0.9216891084605565,-0.8761533806105285,-0.8179131862869294,-0.7463740768990476,-0.6613444848315188,-0.5630874867822548,-0.4523589021170881,-0.33042875332457455,-0.1990836625189202,-0.06060846488456197,0.08225384369453466,0.22636377912848227],[0.24424960039620494,0.09475978972087801,-0.05419414301888656,-0.1990836625189237,-0.3367737101697599,-0.46460217941375814,-0.5804363174730716,-0.6827052999007599,-0.7704092876306556,-0.8431062758888044,-0.9008789351217494,-0.9442843858696728,-0.9742904091484295,-0.9922019469034387,-0.9995818790226572,-0.998169971158316,-0.989803580582652,-0.9763432081831387,-0.9596053299069017,-0.9413041802751281,-0.923003355545131,-0.906077324608955,-0.8916822544789353,-0.8807350418910668,-0.8738991463834107,-0.8715757724135877,-0.8738991463834107,-0.8807350418910668,-0.8916822544789358,-0.9060773246089553,-0.9230033555451314,-0.9413041802751286,-0.9596053299069022,-0.976343208183139,-0.9898035805826524,-0.9981699711583161,-0.9995818790226572,-0.9922019469034384,-0.9742904091484289,-0.9442843858696719,-0.9008789351217482,-0.8431062758888029,-0.7704092876306533,-0.6827052999007579,-0.5804363174730687,-0.4646021794137558,-0.33677371016975655,-0.1990836625189202,-0.054194143018883006,0.09475978972088155],[0.11965157649377203,-0.034978429894600045,-0.1861921054255164,-0.33042875332457794,-0.46460217941375814,-0.5861761930033744,-0.6932145162558385,-0.7844046503354603,-0.8590563969566174,-0.9170768069455713,-0.958924274663139,-0.9855452756212083,-0.9982978186514211,-0.9988660266929895,-0.9891703551391212,-0.9712777989606528,-0.9473160379460662,-0.9193948464097031,-0.8895372885486984,-0.8596222887621533,-0.8313391791635057,-0.8061538689120906,-0.7852854438206649,-0.7696913795225674,-0.7600592115282327,-0.7568024953079276,-0.7600592115282327,-0.7696913795225674,-0.7852854438206655,-0.8061538689120912,-0.8313391791635057,-0.8596222887621537,-0.8895372885486992,-0.9193948464097038,-0.9473160379460669,-0.9712777989606532,-0.9891703551391215,-0.9988660266929896,-0.998297818651421,-0.9855452756212079,-0.958924274663138,-0.9170768069455698,-0.8590563969566156,-0.784404650335458,-0.693214516255836,-0.5861761930033715,-0.46460217941375503,-0.33042875332457455,-0.1861921054255129,-0.03497842989459649],[-0.003057915170852872,-0.16039829679513126,-0.3113485152708458,-0.4523589021170905,-0.5804363174730716,-0.6932145162558385,-0.7889963752167495,-0.8667678586032466,-0.9261848392897123,-0.9675350405380337,-0.9916783695538791,-0.9999697319995641,-0.9941690082722225,-0.9763432081831387,-0.9487658814529119,-0.9138186396225685,-0.8738991463834103,-0.8313391791635052,-0.788335394087356,-0.7468942983016724,-0.7087917288159843,-0.675545956563,-0.6484024944611766,-0.6283279085978819,-0.6160095180015142,-0.6118578909427183,-0.6160095180015145,-0.6283279085978822,-0.6484024944611769,-0.6755459565630006,-0.7087917288159852,-0.7468942983016733,-0.7883353940873571,-0.8313391791635062,-0.8738991463834112,-0.9138186396225696,-0.9487658814529127,-0.976343208183139,-0.9941690082722229,-0.9999697319995641,-0.9916783695538788,-0.9675350405380331,-0.926184839289711,-0.8667678586032448,-0.7889963752167473,-0.693214516255836,-0.5804363174730687,-0.4523589021170881,-0.31134851527084245,-0.16039829679512865],[-0.12171404738911866,-0.27941549819892675,-0.42770523442638814,-0.5630874867822571,-0.6827052999007599,-0.7844046503354603,-0.8667678586032466,-0.9291165249530048,-0.9714855476745328,-0.9945710079687129,-0.9996557726024028,-0.9885175266126343,-0.9633245624509221,-0.9265249870447916,-0.8807350418910663,-0.8286319519950224,-0.7728561283445937,-0.7159266619396217,-0.6601729003463823,-0.6076835490650918,-0.5602732766945221,-0.5194653427073431,-0.4864874550852396,-0.4622770631720811,-0.4474917522369195,-0.4425204432948513,-0.4474917522369199,-0.4622770631720815,-0.48648745508524,-0.5194653427073439,-0.5602732766945232,-0.6076835490650928,-0.6601729003463837,-0.715926661939623,-0.7728561283445948,-0.8286319519950238,-0.8807350418910671,-0.9265249870447926,-0.9633245624509229,-0.9885175266126348,-0.9996557726024029,-0.9945710079687126,-0.9714855476745321,-0.9291165249530035,-0.8667678586032448,-0.784404650335458,-0.6827052999007572,-0.5630874867822548,-0.42770523442638414,-0.2794154981989233],[-0.23449468226258974,-0.3903473464562977,-0.5337640026408672,-0.6613444848315208,-0.7704092876306556,-0.8590563969566174,-0.9261848392897123,-0.9714855476745328,-0.9954015619822107,-0.9990608839136942,-0.9841864377016212,-0.9529884954070148,-0.9080455684868464,-0.8521801105317148,-0.7883353940873554,-0.7194596009495356,-0.6484024944611755,-0.577829031519558,-0.5101529466899364,-0.4474917522369187,-0.39164283270618894,-0.34407850213153085,-0.30595621490739044,-0.27813879452308643,-0.2612187929262028,-0.25554110202682995,-0.2612187929262028,-0.2781387945230869,-0.3059562149073913,-0.3440785021315317,-0.39164283270619055,-0.4474917522369203,-0.5101529466899379,-0.5778290315195599,-0.6484024944611773,-0.7194596009495372,-0.7883353940873571,-0.8521801105317162,-0.9080455684868479,-0.9529884954070156,-0.9841864377016217,-0.9990608839136943,-0.9954015619822104,-0.971485547674532,-0.9261848392897106,-0.8590563969566156,-0.7704092876306528,-0.6613444848315188,-0.5337640026408642,-0.39034734645629443],[-0.3399431767963181,-0.49192836738860896,-0.628493624941207,-0.7463740768990493,-0.8431062758888044,-0.9170768069455713,-0.9675350405380337,-0.9945710079687129,-0.9990608839136942,-0.982583941224282,-0.947316037946066,-0.8959056547537584,-0.8313391791635047,-0.7568024953079265,-0.675545956562999,-0.5907594716038915,-0.5054637080490954,-0.4224223057751557,-0.34407850213153046,-0.27251773600873724,-0.20945569041493775,-0.15624898846245602,-0.1139235873811621,-0.08321410799966882,-0.06460622614326143,-0.058374143427578316,-0.06460622614326143,-0.08321410799966926,-0.11392358738116298,-0.15624898846245733,-0.20945569041493947,-0.2725177360087385,-0.3440785021315321,-0.4224223057751573,-0.5054637080490972,-0.5907594716038937,-0.675545956563001,-0.7568024953079282,-0.8313391791635062,-0.89590565475376,-0.9473160379460671,-0.9825839412242826,-0.9990608839136943,-0.9945710079687125,-0.9675350405380329,-0.9170768069455698,-0.8431062758888025,-0.7463740768990469,-0.6284936249412042,-0.49192836738860585],[-0.4369755172720792,-0.5833090006329241,-0.7113191368670082,-0.817913186286931,-0.9008789351217494,-0.958924274663139,-0.9916783695538791,-0.9996557726024028,-0.9841864377016212,-0.947316037946066,-0.891682254478935,-0.8203737119796188,-0.736778956164544,-0.6444332621394726,-0.5468711011364072,-0.4474917522369183,-0.349444801658253,-0.25554110202682867,-0.16819314876479743,-0.08938676736856487,-0.020683531529580267,0.03674943749121116,0.08208847231787417,0.11478986470492332,0.13452429479620504,0.141120008059869,0.1345242947962046,0.11478986470492288,0.08208847231787328,0.03674943749121028,-0.020683531529581155,-0.0893867673685662,-0.1681931487647992,-0.2555411020268308,-0.34944480165825503,-0.44749175223692067,-0.5468711011364095,-0.644433262139475,-0.7367789561645461,-0.8203737119796208,-0.8916822544789362,-0.9473160379460671,-0.9841864377016218,-0.9996557726024029,-0.9916783695538787,-0.958924274663138,-0.9008789351217479,-0.8179131862869289,-0.7113191368670058,-0.5833090006329212],[-0.5248729086910364,-0.6640389301145315,-0.782094898825462,-0.8761533806105298,-0.9442843858696728,-0.9855452756212083,-0.9999697319995641,-0.9885175266126343,-0.9529884954070148,-0.8959056547537584,-0.8203737119796188,-0.729920284884073,-0.6283279085978806,-0.519465342707342,-0.4071267710790354,-0.29488718673790293,-0.1859815449040617,-0.08321410799966793,0.0110972573078889,0.095139298133763,0.16758440006628325,0.22753808262301595,0.27446033512653456,0.30807174236304696,0.32825808629934644,0.33498815015590677,0.32825808629934644,0.3080717423630465,0.2744603351265337,0.2275380826230151,0.16758440006628195,0.09513929813376124,0.011097257307887123,-0.08321410799967015,-0.18598154490406432,-0.29488718673790587,-0.40712677107903783,-0.5194653427073447,-0.6283279085978833,-0.7299202848840757,-0.8203737119796208,-0.8959056547537604,-0.9529884954070158,-0.9885175266126349,-0.9999697319995641,-0.9855452756212076,-0.9442843858696716,-0.8761533806105277,-0.7820948988254597,-0.6640389301145282],[-0.6032614510309352,-0.7340370835313272,-0.8410641051408099,-0.9216891084605575,-0.9742904091484295,-0.9982978186514211,-0.9941690082722225,-0.9633245624509221,-0.9080455684868464,-0.8313391791635047,-0.736778956164544,-0.6283279085978806,-0.510152946689936,-0.38643995081441646,-0.26121879292620115,-0.13820742418060616,-0.02068353152957938,0.08860878526165236,0.18751144864240077,0.274460335126535,0.34844816441640575,0.40894580226203103,0.45579024457191547,0.4890526831641089,0.5089045000277513,0.515501371821466,0.5089045000277509,0.4890526831641081,0.4557902445719147,0.4089458022620298,0.3484481644164041,0.2744603351265333,0.18751144864239858,0.08860878526165014,-0.0206835315295816,-0.13820742418060925,-0.26121879292620415,-0.38643995081441973,-0.5101529466899387,-0.6283279085978833,-0.7367789561645464,-0.8313391791635067,-0.9080455684868483,-0.9633245624509231,-0.994169008272223,-0.9982978186514209,-0.9742904091484287,-0.9216891084605559,-0.841064105140808,-0.7340370835313249],[-0.6720809210959877,-0.7935507222633862,-0.8888075679873233,-0.9554556082835194,-0.9922019469034387,-0.9988660266929895,-0.9763432081831387,-0.9265249870447916,-0.8521801105317148,-0.7568024953079265,-0.6444332621394726,-0.519465342707342,-0.38643995081441646,-0.24984472981689468,-0.11392358738116078,0.017491891116229986,0.1411200080598703,0.2543268796312661,0.3551774204119138,0.44243411406011124,0.5155013718214668,0.5743177691212188,0.6192045466808396,0.6506861109609612,0.6693055627405103,0.6754631805511526,0.66930556274051,0.6506861109609607,0.6192045466808388,0.5743177691212177,0.5155013718214653,0.44243411406010963,0.35517742041191175,0.25432687963126394,0.14112000805986766,0.017491891116227322,-0.11392358738116386,-0.24984472981689812,-0.38643995081441973,-0.519465342707345,-0.6444332621394757,-0.7568024953079288,-0.8521801105317172,-0.9265249870447929,-0.9763432081831395,-0.9988660266929897,-0.9922019469034382,-0.955455608283518,-0.8888075679873212,-0.7935507222633841],[-0.7315449360522904,-0.8431062758888044,-0.926184839289712,-0.9786599954111929,-0.9995818790226572,-0.9891703551391212,-0.9487658814529119,-0.8807350418910663,-0.7883353940873554,-0.675545956562999,-0.5468711011364072,-0.4071267710790354,-0.26121879292620115,-0.11392358738116078,0.03031816974648602,0.1675844000662841,0.2946206961564887,0.4089458022620318,0.508904500027752,0.5936603188902662,0.6631230615470467,0.7178106586529025,0.7586521774225553,0.7867491315472159,0.8031242038284173,0.8084964038195916,0.803124203828417,0.7867491315472154,0.7586521774225544,0.7178106586529016,0.6631230615470454,0.5936603188902644,0.5089045000277501,0.40894580226202937,0.2946206961564862,0.16758440006628106,0.03031816974648247,-0.1139235873811643,-0.261218792926205,-0.40712677107903905,-0.5468711011364106,-0.675545956563002,-0.7883353940873582,-0.880735041891068,-0.9487658814529133,-0.9891703551391218,-0.999581879022657,-0.9786599954111921,-0.9261848392897103,-0.843106275888802],[-0.782094898825462,-0.8834546557201536,-0.9542707625277445,-0.992709003990624,-0.998169971158316,-0.9712777989606528,-0.9138186396225685,-0.8286319519950224,-0.7194596009495356,-0.5907594716038915,-0.4474917522369183,-0.29488718673790293,-0.13820742418060616,0.017491891116229986,0.1675844000662841,0.30807174236304824,0.4357468179879605,0.5483107766300949,0.6444329880645502,0.7237435527827868,0.7867491315472159,0.8346663652068174,0.8691749117900289,0.8921059233843887,0.9051011406940042,0.9092974268256827,0.905101140694004,0.8921059233843883,0.8691749117900283,0.8346663652068164,0.7867491315472148,0.723743552782785,0.6444329880645484,0.5483107766300926,0.43574681798795767,0.30807174236304524,0.16758440006628061,0.017491891116226434,-0.13820742418061013,-0.29488718673790715,-0.4474917522369223,-0.5907594716038951,-0.7194596009495384,-0.8286319519950248,-0.9138186396225704,-0.9712777989606536,-0.9981699711583162,-0.9927090039906235,-0.9542707625277435,-0.8834546557201519],[-0.8243501208953687,-0.9155137158199527,-0.9742904091484293,-0.9991366425568715,-0.989803580582652,-0.9473160379460662,-0.8738991463834103,-0.7728561283445937,-0.6484024944611755,-0.5054637080490954,-0.349444801658253,-0.1859815449040617,-0.02068353152957938,0.1411200080598703,0.2946206961564887,0.4357468179879605,0.5613434429987163,0.669305562740511,0.7586521774225555,0.8295279491007507,0.8831177131967745,0.9214595731553439,0.947148157502653,0.9629360103311142,0.9712712132604647,0.9738476308781957,0.9712712132604646,0.9629360103311139,0.9471481575026526,0.9214595731553432,0.8831177131967733,0.8295279491007492,0.7586521774225539,0.6693055627405087,0.5613434429987137,0.4357468179879573,0.29462069615648534,0.14112000805986677,-0.02068353152958293,-0.18598154490406607,-0.3494448016582567,-0.5054637080490991,-0.6484024944611789,-0.7728561283445965,-0.8738991463834124,-0.9473160379460674,-0.9898035805826526,-0.9991366425568714,-0.9742904091484282,-0.9155137158199508],[-0.8590563969566165,-0.9403103331620121,-0.9875550692934716,-0.9995346360668129,-0.9763432081831387,-0.9193948464097031,-0.8313391791635052,-0.7159266619396217,-0.577829031519558,-0.4224223057751557,-0.25554110202682867,-0.08321410799966793,0.08860878526165236,0.2543268796312661,0.4089458022620318,0.5483107766300949,0.669305562740511,0.7700062541484617,0.8497777259937518,0.909297426825683,0.9504861182922221,0.9763193988178613,0.990492493476946,0.996924696089823,0.9991325466456138,0.9995736030415052,0.9991325466456138,0.9969246960898229,0.9904924934769458,0.9763193988178609,0.9504861182922213,0.9092974268256819,0.8497777259937501,0.7700062541484598,0.6693055627405083,0.548310776630092,0.40894580226202815,0.25432687963126266,0.08860878526164838,-0.08321410799967235,-0.25554110202683294,-0.42242230577515977,-0.5778290315195617,-0.7159266619396247,-0.8313391791635077,-0.9193948464097049,-0.9763432081831396,-0.999534636066813,-0.9875550692934708,-0.9403103331620105],[-0.8870350877864698,-0.9589242746631387,-0.9954015619822106,-0.9954880059673217,-0.9596053299069017,-0.8895372885486984,-0.788335394087356,-0.6601729003463823,-0.5101529466899364,-0.34407850213153046,-0.16819314876479743,0.0110972573078889,0.18751144864240077,0.3551774204119138,0.508904500027752,0.6444329880645502,0.7586521774225555,0.8497777259937518,0.9174781414116043,0.9629360103311143,0.9888205285564495,0.9991325466456138,0.9988653485799629,0.9934206517349647,0.9877659459927352,0.9854497299884598,0.9877659459927353,0.9934206517349649,0.9988653485799629,0.9991325466456137,0.9888205285564492,0.9629360103311135,0.9174781414116031,0.8497777259937499,0.7586521774225533,0.6444329880645474,0.5089045000277486,0.3551774204119101,0.18751144864239638,0.011097257307884459,-0.16819314876480182,-0.3440785021315346,-0.5101529466899406,-0.660172900346386,-0.7883353940873593,-0.8895372885487004,-0.959605329906903,-0.995488005967322,-0.9954015619822102,-0.9589242746631375],[-0.9091344776071362,-0.9724356383994096,-0.9991366425568715,-0.9885175266126344,-0.9413041802751281,-0.8596222887621533,-0.7468942983016724,-0.6076835490650918,-0.4474917522369187,-0.27251773600873724,-0.08938676736856487,0.095139298133763,0.274460335126535,0.44243411406011124,0.5936603188902662,0.7237435527827868,0.8295279491007507,0.909297426825683,0.9629360103311143,0.9920397960418634,0.9999617505607101,0.9917455108536657,0.9738585656480904,0.953580740486919,0.9379090613446788,0.9320390859672255,0.937909061344679,0.9535807404869193,0.9738585656480908,0.991745510853666,0.9999617505607101,0.9920397960418631,0.9629360103311133,0.9092974268256815,0.8295279491007487,0.723743552782784,0.5936603188902629,0.44243411406010724,0.27446033512653073,0.09513929813375814,-0.08938676736856929,-0.2725177360087415,-0.44749175223692306,-0.6076835490650954,-0.7468942983016754,-0.8596222887621555,-0.9413041802751295,-0.988517526612635,-0.9991366425568713,-0.9724356383994086],[-0.9261848392897116,-0.9818772350691545,-0.999987758366155,-0.9800301430388982,-0.923003355545131,-0.8313391791635057,-0.7087917288159843,-0.5602732766945221,-0.39164283270618894,-0.20945569041493775,-0.020683531529580267,0.16758440006628325,0.34844816441640575,0.5155013718214668,0.6631230615470467,0.7867491315472159,0.8831177131967745,0.9504861182922221,0.9888205285564495,0.9999617505607101,0.987765945992735,0.9581948265345072,0.9192575897531569,0.8805554774250548,0.8520053749262368,0.8414709848078953,0.8520053749262374,0.8805554774250556,0.9192575897531577,0.9581948265345079,0.9877659459927356,0.9999617505607101,0.988820528556449,0.950486118292221,0.8831177131967726,0.7867491315472135,0.6631230615470434,0.515501371821463,0.3484481644164016,0.16758440006627887,-0.020683531529584707,-0.20945569041494252,-0.3916428327061938,-0.5602732766945261,-0.7087917288159877,-0.8313391791635077,-0.9230033555451327,-0.980030143038899,-0.999987758366155,-0.9818772350691536],[-0.9389582954963956,-0.9881928514618681,-0.9990608839136942,-0.971277798960653,-0.906077324608955,-0.8061538689120906,-0.675545956563,-0.5194653427073431,-0.34407850213153085,-0.15624898846245602,0.03674943749121116,0.22753808262301595,0.40894580226203103,0.5743177691212188,0.7178106586529025,0.8346663652068174,0.9214595731553439,0.9763193988178613,0.9991325466456138,0.9917455108536657,0.9581948265345072,0.9049962259511453,0.841470984807895,0.7798506503849355,0.7342906413454398,0.7173560908995212,0.7342906413454405,0.7798506503849366,0.8414709848078963,0.9049962259511467,0.9581948265345082,0.9917455108536661,0.9991325466456137,0.9763193988178605,0.9214595731553423,0.8346663652068149,0.7178106586528994,0.5743177691212151,0.408945802262027,0.22753808262301162,0.03674943749120628,-0.15624898846246085,-0.34407850213153546,-0.5194653427073473,-0.6755459565630035,-0.8061538689120933,-0.9060773246089572,-0.971277798960654,-0.9990608839136944,-0.9881928514618674],[-0.9481342356375322,-0.9922019469034385,-0.9973056998066652,-0.9633245624509224,-0.8916822544789353,-0.7852854438206649,-0.6484024944611766,-0.4864874550852396,-0.30595621490739044,-0.1139235873811621,0.08208847231787417,0.27446033512653456,0.45579024457191547,0.6192045466808396,0.7586521774225553,0.8691749117900289,0.947148157502653,0.990492493476946,0.9988653485799629,0.9738585656480904,0.9192575897531569,0.841470984807895,0.75030818721865,0.660218961538947,0.5911271172152911,0.5646424733950336,0.5911271172152922,0.6602189615389488,0.750308187218652,0.8414709848078967,0.9192575897531583,0.9738585656480913,0.998865348579963,0.9904924934769455,0.9471481575026517,0.8691749117900267,0.7586521774225521,0.619204546680836,0.45579024457191153,0.2744603351265299,0.0820884723178693,-0.11392358738116695,-0.3059562149073951,-0.4864874550852435,-0.6484024944611803,-0.7852854438206677,-0.8916822544789375,-0.9633245624509236,-0.9973056998066656,-0.992201946903438],[-0.9542707625277442,-0.9945710079687128,-0.9954880059673217,-0.9570215018759334,-0.8807350418910668,-0.7696913795225674,-0.6283279085978819,-0.4622770631720811,-0.27813879452308643,-0.08321410799966882,0.11478986470492332,0.30807174236304696,0.4890526831641089,0.6506861109609612,0.7867491315472159,0.8921059233843887,0.9629360103311142,0.996924696089823,0.9934206517349647,0.953580740486919,0.8805554774250548,0.7798506503849355,0.660218961538947,0.5359945922932834,0.4324548389538674,0.3894183423086485,0.43245483895386916,0.535994592293286,0.6602189615389497,0.779850650384938,0.8805554774250567,0.9535807404869202,0.9934206517349652,0.9969246960898226,0.962936010331113,0.8921059233843865,0.7867491315472129,0.6506861109609577,0.4890526831641046,0.30807174236304274,0.11478986470491846,-0.08321410799967369,-0.27813879452309115,-0.46227706317208545,-0.6283279085978858,-0.7696913795225702,-0.8807350418910689,-0.9570215018759347,-0.9954880059673221,-0.9945710079687123],[-0.9577824171871584,-0.9957915491403939,-0.9941690082722228,-0.9529884954070152,-0.8738991463834107,-0.7600592115282327,-0.6160095180015142,-0.4474917522369195,-0.2612187929262028,-0.06460622614326143,0.13452429479620504,0.32825808629934644,0.5089045000277513,0.6693055627405103,0.8031242038284173,0.9051011406940042,0.9712712132604647,0.9991325466456138,0.9877659459927352,0.9379090613446788,0.8520053749262368,0.7342906413454398,0.5911271172152911,0.4324548389538674,0.2790865325516278,0.1986693307950591,0.2790865325516308,0.4324548389538709,0.5911271172152944,0.7342906413454426,0.8520053749262392,0.9379090613446803,0.9877659459927358,0.9991325466456136,0.9712712132604637,0.9051011406940022,0.8031242038284144,0.6693055627405068,0.5089045000277471,0.32825808629934183,0.13452429479619976,-0.0646062261432663,-0.26121879292620753,-0.4474917522369239,-0.6160095180015179,-0.7600592115282356,-0.8738991463834128,-0.9529884954070166,-0.9941690082722232,-0.9957915491403935],[-0.9589242746631385,-0.9961646088358407,-0.9936910036334644,-0.9516020738895158,-0.8715757724135877,-0.7568024953079276,-0.6118578909427183,-0.4425204432948513,-0.25554110202682995,-0.058374143427578316,0.141120008059869,0.33498815015590677,0.515501371821466,0.6754631805511526,0.8084964038195916,0.9092974268256827,0.9738476308781957,0.9995736030415052,0.9854497299884598,0.9320390859672255,0.8414709848078953,0.7173560908995212,0.5646424733950336,0.3894183423086485,0.1986693307950591,3.0616802944333612e-15,0.19866933079506335,0.3894183423086525,0.5646424733950371,0.7173560908995243,0.8414709848078977,0.9320390859672272,0.9854497299884606,0.9995736030415051,0.9738476308781947,0.9092974268256808,0.8084964038195888,0.6754631805511491,0.5155013718214618,0.33498815015590216,0.14112000805986413,-0.05837414342758319,-0.25554110202683467,-0.4425204432948556,-0.6118578909427221,-0.7568024953079306,-0.8715757724135899,-0.9516020738895171,-0.993691003633465,-0.9961646088358403],[-0.9577824171871584,-0.9957915491403939,-0.9941690082722228,-0.9529884954070152,-0.8738991463834107,-0.7600592115282327,-0.6160095180015145,-0.4474917522369199,-0.2612187929262028,-0.06460622614326143,0.1345242947962046,0.32825808629934644,0.5089045000277509,0.66930556274051,0.803124203828417,0.905101140694004,0.9712712132604646,0.9991325466456138,0.9877659459927353,0.937909061344679,0.8520053749262374,0.7342906413454405,0.5911271172152922,0.43245483895386916,0.2790865325516308,0.19866933079506335,0.2790865325516337,0.43245483895387266,0.5911271172152955,0.7342906413454434,0.8520053749262396,0.9379090613446806,0.9877659459927359,0.9991325466456136,0.9712712132604635,0.9051011406940019,0.8031242038284141,0.6693055627405065,0.5089045000277471,0.32825808629934183,0.13452429479619976,-0.0646062261432663,-0.261218792926208,-0.4474917522369243,-0.6160095180015183,-0.7600592115282356,-0.8738991463834128,-0.9529884954070166,-0.9941690082722232,-0.9957915491403935],[-0.9542707625277442,-0.9945710079687127,-0.9954880059673217,-0.9570215018759337,-0.8807350418910668,-0.7696913795225674,-0.6283279085978822,-0.4622770631720815,-0.2781387945230869,-0.08321410799966926,0.11478986470492288,0.3080717423630465,0.4890526831641081,0.6506861109609607,0.7867491315472154,0.8921059233843883,0.9629360103311139,0.9969246960898229,0.9934206517349649,0.9535807404869193,0.8805554774250556,0.7798506503849366,0.6602189615389488,0.535994592293286,0.4324548389538709,0.3894183423086525,0.43245483895387266,0.5359945922932886,0.6602189615389514,0.7798506503849392,0.8805554774250575,0.9535807404869207,0.9934206517349653,0.9969246960898226,0.9629360103311128,0.8921059233843861,0.7867491315472124,0.6506861109609571,0.4890526831641042,0.3080717423630419,0.11478986470491802,-0.08321410799967457,-0.27813879452309154,-0.46227706317208583,-0.6283279085978861,-0.7696913795225702,-0.8807350418910692,-0.9570215018759349,-0.9954880059673222,-0.9945710079687122],[-0.9481342356375319,-0.9922019469034384,-0.9973056998066653,-0.9633245624509227,-0.8916822544789358,-0.7852854438206655,-0.6484024944611769,-0.48648745508524,-0.3059562149073913,-0.11392358738116298,0.08208847231787328,0.2744603351265337,0.4557902445719147,0.6192045466808388,0.7586521774225544,0.8691749117900283,0.9471481575026526,0.9904924934769458,0.9988653485799629,0.9738585656480908,0.9192575897531577,0.8414709848078963,0.750308187218652,0.6602189615389497,0.5911271172152944,0.5646424733950371,0.5911271172152955,0.6602189615389514,0.750308187218654,0.8414709848078982,0.9192575897531592,0.9738585656480917,0.9988653485799631,0.9904924934769453,0.9471481575026512,0.869174911790026,0.7586521774225515,0.6192045466808354,0.45579024457191036,0.274460335126529,0.08208847231786841,-0.11392358738116783,-0.30595621490739594,-0.4864874550852442,-0.6484024944611806,-0.7852854438206677,-0.8916822544789378,-0.9633245624509238,-0.9973056998066656,-0.9922019469034379],[-0.9389582954963953,-0.988192851461868,-0.9990608839136943,-0.9712777989606532,-0.9060773246089553,-0.8061538689120912,-0.6755459565630006,-0.5194653427073439,-0.3440785021315317,-0.15624898846245733,0.03674943749121028,0.2275380826230151,0.4089458022620298,0.5743177691212177,0.7178106586529016,0.8346663652068164,0.9214595731553432,0.9763193988178609,0.9991325466456137,0.991745510853666,0.9581948265345079,0.9049962259511467,0.8414709848078967,0.779850650384938,0.7342906413454426,0.7173560908995243,0.7342906413454434,0.7798506503849392,0.8414709848078982,0.904996225951148,0.9581948265345089,0.9917455108536665,0.9991325466456136,0.97631939881786,0.9214595731553417,0.8346663652068139,0.7178106586528985,0.5743177691212141,0.40894580226202576,0.22753808262301034,0.03674943749120539,-0.1562489884624617,-0.3440785021315363,-0.5194653427073481,-0.6755459565630042,-0.8061538689120938,-0.9060773246089576,-0.9712777989606542,-0.9990608839136944,-0.9881928514618673],[-0.9261848392897113,-0.9818772350691543,-0.999987758366155,-0.9800301430388983,-0.9230033555451314,-0.8313391791635057,-0.7087917288159852,-0.5602732766945232,-0.39164283270619055,-0.20945569041493947,-0.020683531529581155,0.16758440006628195,0.3484481644164041,0.5155013718214653,0.6631230615470454,0.7867491315472148,0.8831177131967733,0.9504861182922213,0.9888205285564492,0.9999617505607101,0.9877659459927356,0.9581948265345082,0.9192575897531583,0.8805554774250567,0.8520053749262392,0.8414709848078977,0.8520053749262396,0.8805554774250575,0.9192575897531592,0.9581948265345089,0.987765945992736,0.9999617505607102,0.9888205285564486,0.9504861182922202,0.8831177131967715,0.7867491315472124,0.663123061547042,0.5155013718214615,0.3484481644163999,0.16758440006627712,-0.02068353152958604,-0.20945569041494383,-0.39164283270619465,-0.5602732766945269,-0.7087917288159884,-0.8313391791635082,-0.923003355545133,-0.9800301430388992,-0.999987758366155,-0.9818772350691535],[-0.9091344776071358,-0.9724356383994094,-0.9991366425568715,-0.9885175266126347,-0.9413041802751286,-0.8596222887621537,-0.7468942983016733,-0.6076835490650928,-0.4474917522369203,-0.2725177360087385,-0.0893867673685662,0.09513929813376124,0.2744603351265333,0.44243411406010963,0.5936603188902644,0.723743552782785,0.8295279491007492,0.9092974268256819,0.9629360103311135,0.9920397960418631,0.9999617505607101,0.9917455108536661,0.9738585656480913,0.9535807404869202,0.9379090613446803,0.9320390859672272,0.9379090613446806,0.9535807404869207,0.9738585656480917,0.9917455108536665,0.9999617505607102,0.9920397960418627,0.9629360103311126,0.9092974268256804,0.8295279491007472,0.7237435527827826,0.5936603188902612,0.4424341140601057,0.274460335126529,0.09513929813375636,-0.08938676736857105,-0.27251773600874324,-0.4474917522369243,-0.6076835490650964,-0.7468942983016763,-0.8596222887621561,-0.9413041802751302,-0.9885175266126354,-0.9991366425568713,-0.9724356383994084],[-0.887035087786469,-0.9589242746631385,-0.9954015619822105,-0.9954880059673218,-0.9596053299069022,-0.8895372885486992,-0.7883353940873571,-0.6601729003463837,-0.5101529466899379,-0.3440785021315321,-0.1681931487647992,0.011097257307887123,0.18751144864239858,0.35517742041191175,0.5089045000277501,0.6444329880645484,0.7586521774225539,0.8497777259937501,0.9174781414116031,0.9629360103311133,0.988820528556449,0.9991325466456137,0.998865348579963,0.9934206517349652,0.9877659459927358,0.9854497299884606,0.9877659459927359,0.9934206517349653,0.9988653485799631,0.9991325466456136,0.9888205285564486,0.9629360103311126,0.9174781414116019,0.8497777259937485,0.7586521774225515,0.6444329880645454,0.5089045000277467,0.35517742041190803,0.18751144864239422,0.011097257307882682,-0.168193148764804,-0.3440785021315363,-0.5101529466899417,-0.660172900346387,-0.7883353940873599,-0.8895372885487008,-0.9596053299069035,-0.9954880059673222,-0.9954015619822101,-0.9589242746631372],[-0.8590563969566161,-0.9403103331620117,-0.9875550692934713,-0.9995346360668129,-0.976343208183139,-0.9193948464097038,-0.8313391791635062,-0.715926661939623,-0.5778290315195599,-0.4224223057751573,-0.2555411020268308,-0.08321410799967015,0.08860878526165014,0.25432687963126394,0.40894580226202937,0.5483107766300926,0.6693055627405087,0.7700062541484598,0.8497777259937499,0.9092974268256815,0.950486118292221,0.9763193988178605,0.9904924934769455,0.9969246960898226,0.9991325466456136,0.9995736030415051,0.9991325466456136,0.9969246960898226,0.9904924934769453,0.97631939881786,0.9504861182922202,0.9092974268256804,0.8497777259937485,0.7700062541484578,0.6693055627405065,0.5483107766300893,0.40894580226202615,0.25432687963126005,0.08860878526164616,-0.08321410799967457,-0.2555411020268351,-0.4224223057751614,-0.5778290315195631,-0.7159266619396261,-0.8313391791635087,-0.9193948464097056,-0.97634320818314,-0.999534636066813,-0.9875550692934706,-0.9403103331620102],[-0.8243501208953677,-0.9155137158199519,-0.9742904091484289,-0.9991366425568715,-0.9898035805826524,-0.9473160379460669,-0.8738991463834112,-0.7728561283445948,-0.6484024944611773,-0.5054637080490972,-0.34944480165825503,-0.18598154490406432,-0.0206835315295816,0.14112000805986766,0.2946206961564862,0.43574681798795767,0.5613434429987137,0.6693055627405083,0.7586521774225533,0.8295279491007487,0.8831177131967726,0.9214595731553423,0.9471481575026517,0.962936010331113,0.9712712132604637,0.9738476308781947,0.9712712132604635,0.9629360103311128,0.9471481575026512,0.9214595731553417,0.8831177131967715,0.8295279491007472,0.7586521774225515,0.6693055627405065,0.5613434429987112,0.4357468179879549,0.2946206961564828,0.14112000805986413,-0.020683531529585596,-0.18598154490406824,-0.3494448016582588,-0.5054637080491011,-0.6484024944611806,-0.7728561283445976,-0.8738991463834133,-0.947316037946068,-0.9898035805826529,-0.9991366425568713,-0.9742904091484279,-0.9155137158199501],[-0.7820948988254608,-0.8834546557201531,-0.9542707625277439,-0.9927090039906238,-0.9981699711583161,-0.9712777989606532,-0.9138186396225696,-0.8286319519950238,-0.7194596009495372,-0.5907594716038937,-0.44749175223692067,-0.29488718673790587,-0.13820742418060925,0.017491891116227322,0.16758440006628106,0.30807174236304524,0.4357468179879573,0.548310776630092,0.6444329880645474,0.723743552782784,0.7867491315472135,0.8346663652068149,0.8691749117900267,0.8921059233843865,0.9051011406940022,0.9092974268256808,0.9051011406940019,0.8921059233843861,0.869174911790026,0.8346663652068139,0.7867491315472124,0.7237435527827826,0.6444329880645454,0.5483107766300893,0.4357468179879549,0.3080717423630419,0.16758440006627756,0.017491891116223325,-0.13820742418061277,-0.2948871867379093,-0.4474917522369243,-0.590759471603897,-0.71945960094954,-0.8286319519950264,-0.9138186396225714,-0.971277798960654,-0.9981699711583164,-0.9927090039906232,-0.9542707625277429,-0.8834546557201511],[-0.7315449360522892,-0.8431062758888029,-0.9261848392897113,-0.9786599954111925,-0.9995818790226572,-0.9891703551391215,-0.9487658814529127,-0.8807350418910671,-0.7883353940873571,-0.675545956563001,-0.5468711011364095,-0.40712677107903783,-0.26121879292620415,-0.11392358738116386,0.03031816974648247,0.16758440006628061,0.29462069615648534,0.40894580226202815,0.5089045000277486,0.5936603188902629,0.6631230615470434,0.7178106586528994,0.7586521774225521,0.7867491315472129,0.8031242038284144,0.8084964038195888,0.8031242038284141,0.7867491315472124,0.7586521774225515,0.7178106586528985,0.663123061547042,0.5936603188902612,0.5089045000277467,0.40894580226202615,0.2946206961564828,0.16758440006627756,0.030318169746479363,-0.1139235873811674,-0.261218792926208,-0.4071267710790415,-0.5468711011364128,-0.6755459565630042,-0.7883353940873599,-0.8807350418910692,-0.9487658814529142,-0.9891703551391221,-0.9995818790226569,-0.9786599954111915,-0.9261848392897096,-0.843106275888801],[-0.6720809210959864,-0.7935507222633852,-0.8888075679873225,-0.9554556082835186,-0.9922019469034384,-0.9988660266929896,-0.976343208183139,-0.9265249870447926,-0.8521801105317162,-0.7568024953079282,-0.644433262139475,-0.5194653427073447,-0.38643995081441973,-0.24984472981689812,-0.1139235873811643,0.017491891116226434,0.14112000805986677,0.25432687963126266,0.3551774204119101,0.44243411406010724,0.515501371821463,0.5743177691212151,0.619204546680836,0.6506861109609577,0.6693055627405068,0.6754631805511491,0.6693055627405065,0.6506861109609571,0.6192045466808354,0.5743177691212141,0.5155013718214615,0.4424341140601057,0.35517742041190803,0.25432687963126005,0.14112000805986413,0.017491891116223325,-0.1139235873811674,-0.24984472981690115,-0.386439950814423,-0.5194653427073481,-0.644433262139478,-0.7568024953079312,-0.8521801105317185,-0.9265249870447942,-0.97634320818314,-0.9988660266929897,-0.9922019469034379,-0.9554556082835173,-0.8888075679873204,-0.7935507222633824],[-0.6032614510309338,-0.7340370835313261,-0.841064105140809,-0.9216891084605565,-0.9742904091484289,-0.998297818651421,-0.9941690082722229,-0.9633245624509229,-0.9080455684868479,-0.8313391791635062,-0.7367789561645461,-0.6283279085978833,-0.5101529466899387,-0.38643995081441973,-0.261218792926205,-0.13820742418061013,-0.02068353152958293,0.08860878526164838,0.187511448